03111,   1 , 1,0311,1,0.0000000000000000e+00,0.0000000000000000e+00,0,66,20
03111,   2 , 1,0321,1,0.0000000000000000e+00,0.0000000000000000e+00,0,62,18
03111,   3 , 1,0331,1,0.0000000000000000e+00,0.0000000000000000e+00,0,62,17
03111,   4 , 1,0341,1,0.0000000000000000e+00,0.0000000000000000e+00,0,68,24
03111,   5 , 1,0351,1,0.0000000000000000e+00,0.0000000000000000e+00,0,65,16
03111,   6 , 1,0361,1,0.0000000000000000e+00,0.0000000000000000e+00,0,62,19
03111,   7 , 1,0371,1,0.0000000000000000e+00,0.0000000000000000e+00,0,65,21
03111,   8 , 1,0381,1,0.0000000000000000e+00,0.0000000000000000e+00,0,62,22
03111,   9 , 1,0391,1,0.0000000000000000e+00,0.0000000000000000e+00,0,24,25
03111,  10 , 1,03101,1,0.0000000000000000e+00,0.0000000000000000e+00,0,23,26
03111,  11 , 1,03111,1,0.0000000000000000e+00,0.0000000000000000e+00,0,66,27
03111,  12 , 1,03121,1,0.0000000000000000e+00,0.0000000000000000e+00,0,63,14
03111,  13 , 1,03131,1,0.0000000000000000e+00,0.0000000000000000e+00,0,62,15
03111,  14 , 1,03141,1,0.0000000000000000e+00,0.0000000000000000e+00,0,66,28
03111,  15 , 1,03151,1,0.0000000000000000e+00,0.0000000000000000e+00,0,67,29
03111,  16 , 1,03161,1,0.0000000000000000e+00,0.0000000000000000e+00,0,68,30
03111,  17 , 1,03171,1,0.0000000000000000e+00,0.0000000000000000e+00,0,62,13
03111,  18 , 1,03181,1,0.0000000000000000e+00,0.0000000000000000e+00,0,66,11
03111,  19 , 1,03191,1,0.0000000000000000e+00,0.0000000000000000e+00,0,62,12
03111,  20 , 1,03201,1,0.0000000000000000e+00,0.0000000000000000e+00,0,62,10
03111,  21 , 1,03211,1,0.0000000000000000e+00,0.0000000000000000e+00,0,73,31
03111,  22 , 1,03221,1,0.0000000000000000e+00,0.0000000000000000e+00,0,66,7
03111,  23 , 1,03231,1,0.0000000000000000e+00,0.0000000000000000e+00,0,62,1
03111,  24 , 1,03241,1,0.0000000000000000e+00,0.0000000000000000e+00,0,62,2
03111,  25 , 1,03251,1,0.0000000000000000e+00,0.0000000000000000e+00,0,62,23
03111,  26 , 1,03261,1,0.0000000000000000e+00,0.0000000000000000e+00,0,62,3
03111,  27 , 1,03271,1,0.0000000000000000e+00,0.0000000000000000e+00,0,66,4
03111,  28 , 1,03281,1,0.0000000000000000e+00,0.0000000000000000e+00,0,62,5
03111,  29 , 1,03291,1,0.0000000000000000e+00,0.0000000000000000e+00,0,65,6
03111,  30 , 1,03301,1,0.0000000000000000e+00,0.0000000000000000e+00,0,67,32
03111,  31 , 1,03311,1,0.0000000000000000e+00,0.0000000000000000e+00,0,24,33
03111,  32 , 1,03321,1,0.0000000000000000e+00,0.0000000000000000e+00,0,6501,34
03111,  33 , 1,03331,1,0.0000000000000000e+00,0.0000000000000000e+00,0,74,35
03111,  34 , 1,03341,1,0.0000000000000000e+00,0.0000000000000000e+00,0,67,36
03111,  35 , 1,03351,1,0.0000000000000000e+00,0.0000000000000000e+00,0,66,8
03111,  36 , 1,03361,1,0.0000000000000000e+00,0.0000000000000000e+00,0,66,37
03111,  37 , 1,03371,1,0.0000000000000000e+00,0.0000000000000000e+00,0,66,9
03111,  38 , 1,03381,1,0.0000000000000000e+00,0.0000000000000000e+00,0,68,38
03111,  39 , 1,03391,1,0.0000000000000000e+00,0.0000000000000000e+00,0,66,39
03111,  40 , 1,03401,1,0.0000000000000000e+00,0.0000000000000000e+00,0,66,40
03111,  41 , 1,03411,1,0.0000000000000000e+00,0.0000000000000000e+00,0,66,41
03111,  42 , 1,03421,1,0.0000000000000000e+00,0.0000000000000000e+00,0,68,42
03111, 200 , 1,032001,5,0.0000000000000000e+00,0.0000000000000000e+00,0,\N,44
03111, 201a, 1,03201a1,5,0.0000000000000000e+00,0.0000000000000000e+00,0,\N,45
03111, 201b, 1,03201b1,5,0.0000000000000000e+00,0.0000000000000000e+00,0,\N,46
03111, 201c, 1,03201c1,5,0.0000000000000000e+00,0.0000000000000000e+00,0,\N,48
03111, 202a, 1,03202a1,5,0.0000000000000000e+00,0.0000000000000000e+00,0,\N,49
03111, 202b, 1,03202b1,5,0.0000000000000000e+00,0.0000000000000000e+00,0,\N,50
03111, 300 , 1,033001,3,0.0000000000000000e+00,0.0000000000000000e+00,0,\N,51
03111, 301 , 1,033011,3,0.0000000000000000e+00,0.0000000000000000e+00,0,72,52
03111, 302 , 1,033021,3,0.0000000000000000e+00,0.0000000000000000e+00,0,\N,53
03111, 303 , 1,033031,3,0.0000000000000000e+00,0.0000000000000000e+00,0,72,54
03111, 304 , 1,033041,3,0.0000000000000000e+00,0.0000000000000000e+00,0,\N,55
03111, 305 , 1,033051,3,0.0000000000000000e+00,0.0000000000000000e+00,0,62,56
03111, 306 , 1,033061,3,0.0000000000000000e+00,0.0000000000000000e+00,0,\N,57
03111, 307 , 1,033071,4,0.0000000000000000e+00,0.0000000000000000e+00,0,\N,58
03111, 308 , 1,033081,4,0.0000000000000000e+00,0.0000000000000000e+00,0,\N,59
03111, 309 , 1,033091,3,0.0000000000000000e+00,0.0000000000000000e+00,0,72,61
03111, 310 , 1,033101,4,0.0000000000000000e+00,0.0000000000000000e+00,0,\N,62
03111, 311 , 1,033111,3,0.0000000000000000e+00,0.0000000000000000e+00,0,\N,63
03111, 312 , 1,033121,4,0.0000000000000000e+00,0.0000000000000000e+00,0,\N,64
03111, 400 , 1,\N,9,0.0000000000000000e+00,0.0000000000000000e+00,0,\N,65
03111, 401 , 1,\N,9,0.0000000000000000e+00,0.0000000000000000e+00,0,\N,66
