03111,   1 , 1,3,10/24/08 00:00:00,12,X16,0311,15,0.00000000e+00,0.00000000e+00,2,0.00000000e+00,0.00000000e+00,4.00000000e+00,10,0,\N,266
03111,   1 , 1,3,10/24/08 00:00:00,22,X16,0311,50,0.00000000e+00,0.00000000e+00,2,0.00000000e+00,0.00000000e+00,4.00000000e+00,10,0,\N,269
03111,   1 , 1,3,10/24/08 00:00:00,32,X16,0311,20,0.00000000e+00,0.00000000e+00,2,0.00000000e+00,0.00000000e+00,4.00000000e+00,10,0,\N,277
03111,   1 , 1,3,10/24/08 00:00:00,41,X16,0311,10,0.00000000e+00,0.00000000e+00,2,0.00000000e+00,0.00000000e+00,4.00000000e+00,10,0,\N,328
03111,   1 , 1,3,10/24/08 00:00:00,51,X16,0311,5,0.00000000e+00,0.00000000e+00,2,0.00000000e+00,0.00000000e+00,4.00000000e+00,10,0,\N,333
03111,   1 , 1,3,10/24/08 00:00:00,61,X16,0311,15,0.00000000e+00,0.00000000e+00,2,0.00000000e+00,0.00000000e+00,4.00000000e+00,10,0,\N,279
03111,   1 , 1,3,10/24/08 00:00:00,71,X16,0311,20,0.00000000e+00,0.00000000e+00,2,0.00000000e+00,0.00000000e+00,4.00000000e+00,10,0,\N,327
03111,   1 , 1,3,10/24/08 00:00:00,81,X16,0311,25,0.00000000e+00,0.00000000e+00,2,0.00000000e+00,0.00000000e+00,4.00000000e+00,10,0,\N,271
03111,   1 , 1,3,10/24/08 00:00:00,91,X16,0311,20,0.00000000e+00,0.00000000e+00,2,0.00000000e+00,0.00000000e+00,4.00000000e+00,10,0,\N,334
03111,   1 , 1,3,10/24/08 00:00:00,101,X16,0311,30,0.00000000e+00,0.00000000e+00,2,0.00000000e+00,0.00000000e+00,4.00000000e+00,10,0,\N,326
03111,   1 , 1,3,10/24/08 00:00:00,111,X16,0311,10,0.00000000e+00,0.00000000e+00,2,0.00000000e+00,0.00000000e+00,4.00000000e+00,10,0,\N,270
03111,   1 , 1,3,10/24/08 00:00:00,121,X16,0311,10,0.00000000e+00,0.00000000e+00,2,0.00000000e+00,0.00000000e+00,4.00000000e+00,10,0,\N,325
03111,   1 , 1,3,10/24/08 00:00:00,131,X16,0311,70,0.00000000e+00,0.00000000e+00,2,0.00000000e+00,0.00000000e+00,4.00000000e+00,10,0,\N,278
03111,   1 , 1,3,10/24/08 00:00:00,141,X16,0311,15,0.00000000e+00,0.00000000e+00,2,0.00000000e+00,0.00000000e+00,4.00000000e+00,10,0,\N,329
03111,   1 , 1,3,10/24/08 00:00:00,151,X16,0311,35,0.00000000e+00,0.00000000e+00,2,0.00000000e+00,0.00000000e+00,4.00000000e+00,10,0,\N,276
03111,   1 , 1,3,10/24/08 00:00:00,161,X16,0311,45,0.00000000e+00,0.00000000e+00,2,0.00000000e+00,0.00000000e+00,4.00000000e+00,10,0,\N,272
03111,   1 , 1,3,10/24/08 00:00:00,171,X16,0311,20,0.00000000e+00,0.00000000e+00,2,0.00000000e+00,0.00000000e+00,4.00000000e+00,10,0,\N,273
03111,   1 , 1,3,10/24/08 00:00:00,181,X16,0311,40,0.00000000e+00,0.00000000e+00,2,0.00000000e+00,0.00000000e+00,4.00000000e+00,10,0,\N,268
03111,   1 , 1,3,10/24/08 00:00:00,191,X16,0311,20,0.00000000e+00,0.00000000e+00,2,0.00000000e+00,0.00000000e+00,4.00000000e+00,10,0,\N,267
03111,   1 , 1,3,10/24/08 00:00:00,201,X16,0311,20,0.00000000e+00,0.00000000e+00,2,0.00000000e+00,0.00000000e+00,4.00000000e+00,10,0,\N,332
03111,   1 , 1,3,10/24/08 00:00:00,211,X16,0311,20,0.00000000e+00,0.00000000e+00,2,0.00000000e+00,0.00000000e+00,4.00000000e+00,10,0,\N,331
03111,   1 , 1,3,10/24/08 00:00:00,221,X16,0311,30,0.00000000e+00,0.00000000e+00,2,0.00000000e+00,0.00000000e+00,4.00000000e+00,10,0,\N,330
03111,   1 , 1,3,10/24/08 00:00:00,231,X16,0311,35,0.00000000e+00,0.00000000e+00,2,0.00000000e+00,0.00000000e+00,4.00000000e+00,10,0,\N,383
03111,   1 , 1,3,10/24/08 00:00:00,241,X16,0311,15,0.00000000e+00,0.00000000e+00,2,0.00000000e+00,0.00000000e+00,4.00000000e+00,10,0,\N,275
03111,   1 , 1,3,10/24/08 00:00:00,251,X16,0311,30,0.00000000e+00,0.00000000e+00,2,0.00000000e+00,0.00000000e+00,4.00000000e+00,10,0,\N,335
03111,   1 , 1,3,10/24/08 00:00:00,261,X16,0311,35,0.00000000e+00,0.00000000e+00,2,0.00000000e+00,0.00000000e+00,4.00000000e+00,10,0,\N,274
03111,   1 , 1,3,10/24/08 00:00:00,303,X16,0311,30,0.00000000e+00,0.00000000e+00,2,0.00000000e+00,0.00000000e+00,4.00000000e+00,10,0,\N,324
03111,   2 , 1,3,10/13/08 00:00:00,257,X16,0321,25,0.00000000e+00,0.00000000e+00,2,0.00000000e+00,0.00000000e+00,4.00000000e+00,10,0,\N,287
03111,   2 , 1,3,10/13/08 00:00:00,258,X16,0321,55,0.00000000e+00,0.00000000e+00,2,0.00000000e+00,0.00000000e+00,4.00000000e+00,10,0,\N,288
03111,   2 , 1,3,10/13/08 00:00:00,259,X16,0321,45,0.00000000e+00,0.00000000e+00,2,0.00000000e+00,0.00000000e+00,4.00000000e+00,10,0,\N,286
03111,   2 , 1,3,10/13/08 00:00:00,260,X16,0321,60,0.00000000e+00,0.00000000e+00,2,0.00000000e+00,0.00000000e+00,4.00000000e+00,10,0,\N,285
03111,   2 , 1,3,10/13/08 00:00:00,261,X16,0321,15,0.00000000e+00,0.00000000e+00,2,0.00000000e+00,0.00000000e+00,4.00000000e+00,10,0,\N,298
03111,   2 , 1,3,10/13/08 00:00:00,262,X16,0321,25,0.00000000e+00,0.00000000e+00,2,0.00000000e+00,0.00000000e+00,4.00000000e+00,10,0,\N,239
03111,   2 , 1,3,10/13/08 00:00:00,263,X16,0321,50,0.00000000e+00,0.00000000e+00,2,0.00000000e+00,0.00000000e+00,4.00000000e+00,10,0,\N,233
03111,   2 , 1,3,10/13/08 00:00:00,264,X16,0321,5,0.00000000e+00,0.00000000e+00,2,0.00000000e+00,0.00000000e+00,4.00000000e+00,10,0,\N,238
03111,   2 , 1,3,10/13/08 00:00:00,265,X16,0321,65,0.00000000e+00,0.00000000e+00,2,0.00000000e+00,0.00000000e+00,4.00000000e+00,10,0,\N,235
03111,   2 , 1,3,10/13/08 00:00:00,266,X16,0321,30,0.00000000e+00,0.00000000e+00,2,0.00000000e+00,0.00000000e+00,4.00000000e+00,10,0,\N,234
03111,   2 , 1,3,10/13/08 00:00:00,267,X16,0321,5,0.00000000e+00,0.00000000e+00,2,0.00000000e+00,0.00000000e+00,4.00000000e+00,10,0,\N,231
03111,   2 , 1,3,10/13/08 00:00:00,268,X16,0321,5,0.00000000e+00,0.00000000e+00,2,0.00000000e+00,0.00000000e+00,4.00000000e+00,10,0,\N,236
03111,   2 , 1,3,10/13/08 00:00:00,269,X16,0321,25,0.00000000e+00,0.00000000e+00,2,0.00000000e+00,0.00000000e+00,4.00000000e+00,10,0,\N,237
03111,   2 , 1,3,10/13/08 00:00:00,270,X16,0321,15,0.00000000e+00,0.00000000e+00,2,0.00000000e+00,0.00000000e+00,4.00000000e+00,10,0,\N,297
03111,   2 , 1,3,10/13/08 00:00:00,271,X16,0321,30,0.00000000e+00,0.00000000e+00,2,0.00000000e+00,0.00000000e+00,4.00000000e+00,10,0,\N,280
03111,   2 , 1,3,10/13/08 00:00:00,281,X16,0321,40,0.00000000e+00,0.00000000e+00,2,0.00000000e+00,0.00000000e+00,4.00000000e+00,10,0,\N,281
03111,   2 , 1,3,10/13/08 00:00:00,304,X16,0321,20,0.00000000e+00,0.00000000e+00,2,0.00000000e+00,0.00000000e+00,4.00000000e+00,10,0,\N,290
03111,   2 , 1,3,10/13/08 00:00:00,305,X16,0321,10,0.00000000e+00,0.00000000e+00,2,0.00000000e+00,0.00000000e+00,4.00000000e+00,10,0,\N,289
03111,   2 , 1,3,10/13/08 00:00:00,306,X16,0321,20,0.00000000e+00,0.00000000e+00,2,0.00000000e+00,0.00000000e+00,4.00000000e+00,10,0,\N,299
03111,   2 , 1,3,10/13/08 00:00:00,307,X16,0321,10,0.00000000e+00,0.00000000e+00,2,0.00000000e+00,0.00000000e+00,4.00000000e+00,10,0,\N,296
03111,   2 , 1,3,10/13/08 00:00:00,308,X16,0321,45,0.00000000e+00,0.00000000e+00,2,0.00000000e+00,0.00000000e+00,4.00000000e+00,10,0,\N,300
03111,   2 , 1,3,10/13/08 00:00:00,309,X16,0321,40,0.00000000e+00,0.00000000e+00,2,0.00000000e+00,0.00000000e+00,4.00000000e+00,10,0,\N,301
03111,   2 , 1,3,10/13/08 00:00:00,310,X16,0321,55,0.00000000e+00,0.00000000e+00,2,0.00000000e+00,0.00000000e+00,4.00000000e+00,10,0,\N,295
03111,   2 , 1,3,10/13/08 00:00:00,311,X16,0321,35,0.00000000e+00,0.00000000e+00,2,0.00000000e+00,0.00000000e+00,4.00000000e+00,10,0,\N,291
03111,   2 , 1,3,10/13/08 00:00:00,312,X16,0321,15,0.00000000e+00,0.00000000e+00,2,0.00000000e+00,0.00000000e+00,4.00000000e+00,10,0,\N,293
03111,   2 , 1,3,10/13/08 00:00:00,313,X16,0321,15,0.00000000e+00,0.00000000e+00,2,0.00000000e+00,0.00000000e+00,4.00000000e+00,10,0,\N,294
03111,   2 , 1,3,10/13/08 00:00:00,314,X16,0321,10,0.00000000e+00,0.00000000e+00,2,0.00000000e+00,0.00000000e+00,4.00000000e+00,10,0,\N,292
03111,   2 , 1,3,10/13/08 00:00:00,315,X16,0321,20,0.00000000e+00,0.00000000e+00,2,0.00000000e+00,0.00000000e+00,4.00000000e+00,10,0,\N,232
03111,   2 , 1,3,10/13/08 00:00:00,316,X16,0321,67,0.00000000e+00,0.00000000e+00,2,0.00000000e+00,0.00000000e+00,4.00000000e+00,10,0,\N,282
03111,   2 , 1,3,10/13/08 00:00:00,317,X16,0321,45,0.00000000e+00,0.00000000e+00,2,0.00000000e+00,0.00000000e+00,4.00000000e+00,10,0,\N,284
03111,   2 , 1,3,10/13/08 00:00:00,318,X16,0321,40,0.00000000e+00,0.00000000e+00,2,0.00000000e+00,0.00000000e+00,4.00000000e+00,10,0,\N,283
03111,   3 , 1,3,10/13/08 00:00:00,441,X16,0331,20,0.00000000e+00,0.00000000e+00,2,0.00000000e+00,0.00000000e+00,4.00000000e+00,10,0,\N,230
03111,   3 , 1,3,10/13/08 00:00:00,451,X16,0331,50,0.00000000e+00,0.00000000e+00,2,0.00000000e+00,0.00000000e+00,4.00000000e+00,10,0,\N,218
03111,   3 , 1,3,10/13/08 00:00:00,461,X16,0331,15,0.00000000e+00,0.00000000e+00,2,0.00000000e+00,0.00000000e+00,4.00000000e+00,10,0,\N,225
03111,   3 , 1,3,10/13/08 00:00:00,471,X16,0331,25,0.00000000e+00,0.00000000e+00,2,0.00000000e+00,0.00000000e+00,4.00000000e+00,10,0,\N,228
03111,   3 , 1,3,10/13/08 00:00:00,481,X16,0331,20,0.00000000e+00,0.00000000e+00,2,0.00000000e+00,0.00000000e+00,4.00000000e+00,10,0,\N,227
03111,   3 , 1,3,10/13/08 00:00:00,491,X16,0331,25,0.00000000e+00,0.00000000e+00,2,0.00000000e+00,0.00000000e+00,4.00000000e+00,10,0,\N,220
03111,   3 , 1,3,10/13/08 00:00:00,501,X16,0331,35,0.00000000e+00,0.00000000e+00,2,0.00000000e+00,0.00000000e+00,4.00000000e+00,10,0,\N,224
03111,   3 , 1,3,10/13/08 00:00:00,511,X16,0331,30,0.00000000e+00,0.00000000e+00,2,0.00000000e+00,0.00000000e+00,4.00000000e+00,10,0,\N,222
03111,   3 , 1,3,10/13/08 00:00:00,521,X16,0331,5,0.00000000e+00,0.00000000e+00,2,0.00000000e+00,0.00000000e+00,4.00000000e+00,10,0,\N,223
03111,   3 , 1,3,10/13/08 00:00:00,531,X16,0331,20,0.00000000e+00,0.00000000e+00,2,0.00000000e+00,0.00000000e+00,4.00000000e+00,10,0,\N,221
03111,   3 , 1,3,10/13/08 00:00:00,541,X16,0331,30,0.00000000e+00,0.00000000e+00,2,0.00000000e+00,0.00000000e+00,4.00000000e+00,10,0,\N,215
03111,   3 , 1,3,10/13/08 00:00:00,551,X16,0331,30,0.00000000e+00,0.00000000e+00,2,0.00000000e+00,0.00000000e+00,4.00000000e+00,10,0,\N,226
03111,   3 , 1,3,10/13/08 00:00:00,741,X16,0331,5,0.00000000e+00,0.00000000e+00,2,0.00000000e+00,0.00000000e+00,4.00000000e+00,10,0,\N,216
03111,   3 , 1,3,10/13/08 00:00:00,751,X16,0331,50,0.00000000e+00,0.00000000e+00,2,0.00000000e+00,0.00000000e+00,4.00000000e+00,10,0,\N,219
03111,   3 , 1,3,10/13/08 00:00:00,761,X16,0331,45,0.00000000e+00,0.00000000e+00,2,0.00000000e+00,0.00000000e+00,4.00000000e+00,10,0,\N,217
03111,   3 , 1,3,10/13/08 00:00:00,811,X16,0331,25,0.00000000e+00,0.00000000e+00,2,0.00000000e+00,0.00000000e+00,4.00000000e+00,10,0,\N,229
03111,   5 , 1,3,10/01/08 00:00:00,90,X16,0351,15,0.00000000e+00,0.00000000e+00,2,0.00000000e+00,0.00000000e+00,4.00000000e+00,10,0,\N,194
03111,   5 , 1,3,10/01/08 00:00:00,91,X16,0351,5,0.00000000e+00,0.00000000e+00,2,0.00000000e+00,0.00000000e+00,4.00000000e+00,10,0,\N,197
03111,   5 , 1,3,10/01/08 00:00:00,92,X16,0351,40,0.00000000e+00,0.00000000e+00,2,0.00000000e+00,0.00000000e+00,4.00000000e+00,10,0,\N,196
03111,   5 , 1,3,10/01/08 00:00:00,93,X16,0351,45,0.00000000e+00,0.00000000e+00,2,0.00000000e+00,0.00000000e+00,4.00000000e+00,10,0,\N,195
03111,   5 , 1,3,10/01/08 00:00:00,94,X16,0351,20,0.00000000e+00,0.00000000e+00,2,0.00000000e+00,0.00000000e+00,4.00000000e+00,10,0,\N,190
03111,   5 , 1,3,10/01/08 00:00:00,95,X16,0351,50,0.00000000e+00,0.00000000e+00,2,0.00000000e+00,0.00000000e+00,4.00000000e+00,10,0,\N,188
03111,   5 , 1,3,10/01/08 00:00:00,96,X16,0351,50,0.00000000e+00,0.00000000e+00,2,0.00000000e+00,0.00000000e+00,4.00000000e+00,10,0,\N,207
03111,   5 , 1,3,10/01/08 00:00:00,97,X16,0351,55,0.00000000e+00,0.00000000e+00,2,0.00000000e+00,0.00000000e+00,4.00000000e+00,10,0,\N,206
03111,   5 , 1,3,10/01/08 00:00:00,98,X16,0351,35,0.00000000e+00,0.00000000e+00,2,0.00000000e+00,0.00000000e+00,4.00000000e+00,10,0,\N,198
03111,   5 , 1,3,10/01/08 00:00:00,99,X16,0351,30,0.00000000e+00,0.00000000e+00,2,0.00000000e+00,0.00000000e+00,4.00000000e+00,10,0,\N,199
03111,   5 , 1,3,10/01/08 00:00:00,100,X16,0351,25,0.00000000e+00,0.00000000e+00,2,0.00000000e+00,0.00000000e+00,4.00000000e+00,10,0,\N,200
03111,   5 , 1,3,10/01/08 00:00:00,561,X16,0351,45,0.00000000e+00,0.00000000e+00,2,0.00000000e+00,0.00000000e+00,4.00000000e+00,10,0,\N,193
03111,   5 , 1,3,10/01/08 00:00:00,771,X16,0351,50,0.00000000e+00,0.00000000e+00,2,0.00000000e+00,0.00000000e+00,4.00000000e+00,10,0,\N,209
03111,   5 , 1,3,10/01/08 00:00:00,781,X16,0351,45,0.00000000e+00,0.00000000e+00,2,0.00000000e+00,0.00000000e+00,4.00000000e+00,10,0,\N,211
03111,   5 , 1,3,10/01/08 00:00:00,791,X16,0351,25,0.00000000e+00,0.00000000e+00,2,0.00000000e+00,0.00000000e+00,4.00000000e+00,10,0,\N,210
03111,   5 , 1,3,10/01/08 00:00:00,801,X16,0351,20,0.00000000e+00,0.00000000e+00,2,0.00000000e+00,0.00000000e+00,4.00000000e+00,10,0,\N,214
03111,   5 , 1,3,10/01/08 00:00:00,821,X16,0351,25,0.00000000e+00,0.00000000e+00,2,0.00000000e+00,0.00000000e+00,4.00000000e+00,10,0,\N,213
03111,   5 , 1,3,10/01/08 00:00:00,831,X16,0351,35,0.00000000e+00,0.00000000e+00,2,0.00000000e+00,0.00000000e+00,4.00000000e+00,10,0,\N,212
03111,   5 , 1,3,10/01/08 00:00:00,841,X16,0351,5,0.00000000e+00,0.00000000e+00,2,0.00000000e+00,0.00000000e+00,4.00000000e+00,10,0,\N,205
03111,   5 , 1,3,10/01/08 00:00:00,851,X16,0351,5,0.00000000e+00,0.00000000e+00,2,0.00000000e+00,0.00000000e+00,4.00000000e+00,10,0,\N,204
03111,   5 , 1,3,10/01/08 00:00:00,861,X16,0351,10,0.00000000e+00,0.00000000e+00,2,0.00000000e+00,0.00000000e+00,4.00000000e+00,10,0,\N,208
03111,   5 , 1,3,10/01/08 00:00:00,871,X16,0351,10,0.00000000e+00,0.00000000e+00,2,0.00000000e+00,0.00000000e+00,4.00000000e+00,10,0,\N,191
03111,   5 , 1,3,10/01/08 00:00:00,881,X16,0351,40,0.00000000e+00,0.00000000e+00,2,0.00000000e+00,0.00000000e+00,4.00000000e+00,10,0,\N,189
03111,   5 , 1,3,10/01/08 00:00:00,891,X16,0351,10,0.00000000e+00,0.00000000e+00,2,0.00000000e+00,0.00000000e+00,4.00000000e+00,10,0,\N,192
03111,   6 , 1,3,10/09/08 00:00:00,271,X16,0361,5,0.00000000e+00,0.00000000e+00,2,0.00000000e+00,0.00000000e+00,4.00000000e+00,10,0,\N,264
03111,   6 , 1,3,10/09/08 00:00:00,272,X16,0361,5,0.00000000e+00,0.00000000e+00,2,0.00000000e+00,0.00000000e+00,4.00000000e+00,10,0,\N,263
03111,   6 , 1,3,10/09/08 00:00:00,273,X16,0361,10,0.00000000e+00,0.00000000e+00,2,0.00000000e+00,0.00000000e+00,4.00000000e+00,10,0,\N,241
03111,   6 , 1,3,10/09/08 00:00:00,274,X16,0361,25,0.00000000e+00,0.00000000e+00,2,0.00000000e+00,0.00000000e+00,4.00000000e+00,10,0,\N,245
03111,   6 , 1,3,10/09/08 00:00:00,275,X16,0361,45,0.00000000e+00,0.00000000e+00,2,0.00000000e+00,0.00000000e+00,4.00000000e+00,10,0,\N,240
03111,   6 , 1,3,10/09/08 00:00:00,276,X16,0361,15,0.00000000e+00,0.00000000e+00,2,0.00000000e+00,0.00000000e+00,4.00000000e+00,10,0,\N,265
03111,   6 , 1,3,10/09/08 00:00:00,277,X16,0361,40,0.00000000e+00,0.00000000e+00,2,0.00000000e+00,0.00000000e+00,4.00000000e+00,10,0,\N,262
03111,   6 , 1,3,10/09/08 00:00:00,278,X16,0361,35,0.00000000e+00,0.00000000e+00,2,0.00000000e+00,0.00000000e+00,4.00000000e+00,10,0,\N,317
03111,   6 , 1,3,10/09/08 00:00:00,279,X16,0361,30,0.00000000e+00,0.00000000e+00,2,0.00000000e+00,0.00000000e+00,4.00000000e+00,10,0,\N,319
03111,   6 , 1,3,10/09/08 00:00:00,280,X16,0361,20,0.00000000e+00,0.00000000e+00,2,0.00000000e+00,0.00000000e+00,4.00000000e+00,10,0,\N,318
03111,   6 , 1,3,10/09/08 00:00:00,281,X16,0361,20,0.00000000e+00,0.00000000e+00,2,0.00000000e+00,0.00000000e+00,4.00000000e+00,10,0,\N,321
03111,   6 , 1,3,10/09/08 00:00:00,282,X16,0361,20,0.00000000e+00,0.00000000e+00,2,0.00000000e+00,0.00000000e+00,4.00000000e+00,10,0,\N,320
03111,   6 , 1,3,10/09/08 00:00:00,283,X16,0361,45,0.00000000e+00,0.00000000e+00,2,0.00000000e+00,0.00000000e+00,4.00000000e+00,10,0,\N,249
03111,   6 , 1,3,10/09/08 00:00:00,284,X16,0361,30,0.00000000e+00,0.00000000e+00,2,0.00000000e+00,0.00000000e+00,4.00000000e+00,10,0,\N,250
03111,   6 , 1,3,10/09/08 00:00:00,285,X16,0361,55,0.00000000e+00,0.00000000e+00,2,0.00000000e+00,0.00000000e+00,4.00000000e+00,10,0,\N,248
03111,   6 , 1,3,10/09/08 00:00:00,286,X16,0361,25,0.00000000e+00,0.00000000e+00,2,0.00000000e+00,0.00000000e+00,4.00000000e+00,10,0,\N,246
03111,   6 , 1,3,10/09/08 00:00:00,287,X16,0361,10,0.00000000e+00,0.00000000e+00,2,0.00000000e+00,0.00000000e+00,4.00000000e+00,10,0,\N,243
03111,   6 , 1,3,10/09/08 00:00:00,288,X16,0361,20,0.00000000e+00,0.00000000e+00,2,0.00000000e+00,0.00000000e+00,4.00000000e+00,10,0,\N,247
03111,   6 , 1,3,10/09/08 00:00:00,289,X16,0361,20,0.00000000e+00,0.00000000e+00,2,0.00000000e+00,0.00000000e+00,4.00000000e+00,10,0,\N,251
03111,   6 , 1,3,10/09/08 00:00:00,290,X16,0361,20,0.00000000e+00,0.00000000e+00,2,0.00000000e+00,0.00000000e+00,4.00000000e+00,10,0,\N,244
03111,   6 , 1,3,10/09/08 00:00:00,291,X16,0361,30,0.00000000e+00,0.00000000e+00,2,0.00000000e+00,0.00000000e+00,4.00000000e+00,10,0,\N,242
03111,   6 , 1,3,10/09/08 00:00:00,292,X16,0361,25,0.00000000e+00,0.00000000e+00,2,0.00000000e+00,0.00000000e+00,4.00000000e+00,10,0,\N,252
03111,   6 , 1,3,10/09/08 00:00:00,293,X16,0361,25,0.00000000e+00,0.00000000e+00,2,0.00000000e+00,0.00000000e+00,4.00000000e+00,10,0,\N,260
03111,   6 , 1,3,10/09/08 00:00:00,294,X16,0361,10,0.00000000e+00,0.00000000e+00,2,0.00000000e+00,0.00000000e+00,4.00000000e+00,10,0,\N,254
03111,   6 , 1,3,10/09/08 00:00:00,295,X16,0361,40,0.00000000e+00,0.00000000e+00,2,0.00000000e+00,0.00000000e+00,4.00000000e+00,10,0,\N,259
03111,   6 , 1,3,10/09/08 00:00:00,296,X16,0361,20,0.00000000e+00,0.00000000e+00,2,0.00000000e+00,0.00000000e+00,4.00000000e+00,10,0,\N,256
03111,   6 , 1,3,10/09/08 00:00:00,297,X16,0361,50,0.00000000e+00,0.00000000e+00,2,0.00000000e+00,0.00000000e+00,4.00000000e+00,10,0,\N,258
03111,   6 , 1,3,10/09/08 00:00:00,298,X16,0361,60,0.00000000e+00,0.00000000e+00,2,0.00000000e+00,0.00000000e+00,4.00000000e+00,10,0,\N,255
03111,   6 , 1,3,10/09/08 00:00:00,299,X16,0361,20,0.00000000e+00,0.00000000e+00,2,0.00000000e+00,0.00000000e+00,4.00000000e+00,10,0,\N,253
03111,   6 , 1,3,10/09/08 00:00:00,301,X16,0361,5,0.00000000e+00,0.00000000e+00,2,0.00000000e+00,0.00000000e+00,4.00000000e+00,10,0,\N,257
03111,   6 , 1,3,10/09/08 00:00:00,302,X16,0361,20,0.00000000e+00,0.00000000e+00,2,0.00000000e+00,0.00000000e+00,4.00000000e+00,10,0,\N,261
03111,   7 , 1,3,10/27/08 00:00:00,291,X16,0371,15,0.00000000e+00,0.00000000e+00,2,0.00000000e+00,0.00000000e+00,4.00000000e+00,10,0,\N,313
03111,   7 , 1,3,10/27/08 00:00:00,301,X16,0371,5,0.00000000e+00,0.00000000e+00,2,0.00000000e+00,0.00000000e+00,4.00000000e+00,10,0,\N,305
03111,   7 , 1,3,10/27/08 00:00:00,311,X16,0371,30,0.00000000e+00,0.00000000e+00,2,0.00000000e+00,0.00000000e+00,4.00000000e+00,10,0,\N,304
03111,   7 , 1,3,10/27/08 00:00:00,321,X16,0371,15,0.00000000e+00,0.00000000e+00,2,0.00000000e+00,0.00000000e+00,4.00000000e+00,10,0,\N,303
03111,   7 , 1,3,10/27/08 00:00:00,332,X16,0371,30,0.00000000e+00,0.00000000e+00,2,0.00000000e+00,0.00000000e+00,4.00000000e+00,10,0,\N,302
03111,   7 , 1,3,10/27/08 00:00:00,342,X16,0371,50,0.00000000e+00,0.00000000e+00,2,0.00000000e+00,0.00000000e+00,4.00000000e+00,10,0,\N,307
03111,   7 , 1,3,10/27/08 00:00:00,352,X16,0371,10,0.00000000e+00,0.00000000e+00,2,0.00000000e+00,0.00000000e+00,4.00000000e+00,10,0,\N,316
03111,   7 , 1,3,10/27/08 00:00:00,362,X16,0371,35,0.00000000e+00,0.00000000e+00,2,0.00000000e+00,0.00000000e+00,4.00000000e+00,10,0,\N,314
03111,   7 , 1,3,10/27/08 00:00:00,371,X16,0371,15,0.00000000e+00,0.00000000e+00,2,0.00000000e+00,0.00000000e+00,4.00000000e+00,10,0,\N,306
03111,   7 , 1,3,10/27/08 00:00:00,381,X16,0371,35,0.00000000e+00,0.00000000e+00,2,0.00000000e+00,0.00000000e+00,4.00000000e+00,10,0,\N,310
03111,   7 , 1,3,10/27/08 00:00:00,391,X16,0371,45,0.00000000e+00,0.00000000e+00,2,0.00000000e+00,0.00000000e+00,4.00000000e+00,10,0,\N,309
03111,   7 , 1,3,10/27/08 00:00:00,401,X16,0371,10,0.00000000e+00,0.00000000e+00,2,0.00000000e+00,0.00000000e+00,4.00000000e+00,10,0,\N,311
03111,   7 , 1,3,10/27/08 00:00:00,411,X16,0371,30,0.00000000e+00,0.00000000e+00,2,0.00000000e+00,0.00000000e+00,4.00000000e+00,10,0,\N,308
03111,   7 , 1,3,10/27/08 00:00:00,421,X16,0371,20,0.00000000e+00,0.00000000e+00,2,0.00000000e+00,0.00000000e+00,4.00000000e+00,10,0,\N,315
03111,   7 , 1,3,10/27/08 00:00:00,431,X16,0371,15,0.00000000e+00,0.00000000e+00,2,0.00000000e+00,0.00000000e+00,4.00000000e+00,10,0,\N,312
03111,   8 , 1,3,11/14/08 00:00:00,40,X16,0381,45,0.00000000e+00,0.00000000e+00,2,0.00000000e+00,0.00000000e+00,4.00000000e+00,10,0,\N,339
03111,   8 , 1,3,11/14/08 00:00:00,41,X16,0381,30,0.00000000e+00,0.00000000e+00,2,0.00000000e+00,0.00000000e+00,4.00000000e+00,10,0,\N,340
03111,   8 , 1,3,11/14/08 00:00:00,42,X16,0381,50,0.00000000e+00,0.00000000e+00,2,0.00000000e+00,0.00000000e+00,4.00000000e+00,10,0,\N,336
03111,   8 , 1,3,11/14/08 00:00:00,43,X16,0381,25,0.00000000e+00,0.00000000e+00,2,0.00000000e+00,0.00000000e+00,4.00000000e+00,10,0,\N,338
03111,   8 , 1,3,11/14/08 00:00:00,44,X16,0381,55,0.00000000e+00,0.00000000e+00,2,0.00000000e+00,0.00000000e+00,4.00000000e+00,10,0,\N,342
03111,   8 , 1,3,11/14/08 00:00:00,46,X16,0381,60,0.00000000e+00,0.00000000e+00,2,0.00000000e+00,0.00000000e+00,4.00000000e+00,10,0,\N,337
03111,   8 , 1,3,11/14/08 00:00:00,47,X16,0381,70,0.00000000e+00,0.00000000e+00,2,0.00000000e+00,0.00000000e+00,4.00000000e+00,10,0,\N,341
03111,   8 , 1,3,11/14/08 00:00:00,48,X16,0381,10,0.00000000e+00,0.00000000e+00,2,0.00000000e+00,0.00000000e+00,4.00000000e+00,10,0,\N,343
03111,   8 , 1,3,11/14/08 00:00:00,50,X16,0381,45,0.00000000e+00,0.00000000e+00,2,0.00000000e+00,0.00000000e+00,4.00000000e+00,10,0,\N,344
03111,   8 , 1,3,11/14/08 00:00:00,51,X16,0381,50,0.00000000e+00,0.00000000e+00,2,0.00000000e+00,0.00000000e+00,4.00000000e+00,10,0,\N,358
03111,   8 , 1,3,11/14/08 00:00:00,52,X16,0381,45,0.00000000e+00,0.00000000e+00,2,0.00000000e+00,0.00000000e+00,4.00000000e+00,10,0,\N,357
03111,   8 , 1,3,11/14/08 00:00:00,53,X16,0381,20,0.00000000e+00,0.00000000e+00,2,0.00000000e+00,0.00000000e+00,4.00000000e+00,10,0,\N,348
03111,   8 , 1,3,11/14/08 00:00:00,54,X16,0381,25,0.00000000e+00,0.00000000e+00,2,0.00000000e+00,0.00000000e+00,4.00000000e+00,10,0,\N,349
03111,   8 , 1,3,11/14/08 00:00:00,55,X16,0381,30,0.00000000e+00,0.00000000e+00,2,0.00000000e+00,0.00000000e+00,4.00000000e+00,10,0,\N,351
03111,   8 , 1,3,11/14/08 00:00:00,56,X16,0381,40,0.00000000e+00,0.00000000e+00,2,0.00000000e+00,0.00000000e+00,4.00000000e+00,10,0,\N,356
03111,   8 , 1,3,11/14/08 00:00:00,57,X16,0381,35,0.00000000e+00,0.00000000e+00,2,0.00000000e+00,0.00000000e+00,4.00000000e+00,10,0,\N,350
03111,   8 , 1,3,11/14/08 00:00:00,58,X16,0381,40,0.00000000e+00,0.00000000e+00,2,0.00000000e+00,0.00000000e+00,4.00000000e+00,10,0,\N,354
03111,   8 , 1,3,11/14/08 00:00:00,59,X16,0381,40,0.00000000e+00,0.00000000e+00,2,0.00000000e+00,0.00000000e+00,4.00000000e+00,10,0,\N,347
03111,   8 , 1,3,11/14/08 00:00:00,60,X16,0381,30,0.00000000e+00,0.00000000e+00,2,0.00000000e+00,0.00000000e+00,4.00000000e+00,10,0,\N,355
03111,   8 , 1,3,11/14/08 00:00:00,61,X16,0381,35,0.00000000e+00,0.00000000e+00,2,0.00000000e+00,0.00000000e+00,4.00000000e+00,10,0,\N,345
03111,   8 , 1,3,11/14/08 00:00:00,62,X16,0381,35,0.00000000e+00,0.00000000e+00,2,0.00000000e+00,0.00000000e+00,4.00000000e+00,10,0,\N,346
03111,   8 , 1,3,11/14/08 00:00:00,561,X16,0381,40,0.00000000e+00,0.00000000e+00,2,0.00000000e+00,0.00000000e+00,4.00000000e+00,10,0,\N,353
03111,   8 , 1,3,11/14/08 00:00:00,571,X16,0381,45,0.00000000e+00,0.00000000e+00,2,0.00000000e+00,0.00000000e+00,4.00000000e+00,10,0,\N,352
03111,  12 , 1,3,09/22/08 00:00:00,117,X16,03121,45,0.00000000e+00,0.00000000e+00,2,0.00000000e+00,0.00000000e+00,4.00000000e+00,10,0,\N,171
03111,  12 , 1,3,09/22/08 00:00:00,118,X16,03121,35,0.00000000e+00,0.00000000e+00,2,0.00000000e+00,0.00000000e+00,4.00000000e+00,10,0,\N,161
03111,  12 , 1,3,09/22/08 00:00:00,119,X16,03121,50,0.00000000e+00,0.00000000e+00,2,0.00000000e+00,0.00000000e+00,4.00000000e+00,10,0,\N,159
03111,  12 , 1,3,09/22/08 00:00:00,120,X16,03121,50,0.00000000e+00,0.00000000e+00,2,0.00000000e+00,0.00000000e+00,4.00000000e+00,10,0,\N,156
03111,  12 , 1,3,09/22/08 00:00:00,121,X16,03121,30,0.00000000e+00,0.00000000e+00,2,0.00000000e+00,0.00000000e+00,4.00000000e+00,10,0,\N,170
03111,  12 , 1,3,09/22/08 00:00:00,122,X16,03121,25,0.00000000e+00,0.00000000e+00,2,0.00000000e+00,0.00000000e+00,4.00000000e+00,10,0,\N,169
03111,  12 , 1,3,09/22/08 00:00:00,123,X16,03121,25,0.00000000e+00,0.00000000e+00,2,0.00000000e+00,0.00000000e+00,4.00000000e+00,10,0,\N,158
03111,  12 , 1,3,09/22/08 00:00:00,124,X16,03121,50,0.00000000e+00,0.00000000e+00,2,0.00000000e+00,0.00000000e+00,4.00000000e+00,10,0,\N,157
03111,  12 , 1,3,09/22/08 00:00:00,125,X16,03121,20,0.00000000e+00,0.00000000e+00,2,0.00000000e+00,0.00000000e+00,4.00000000e+00,10,0,\N,164
03111,  12 , 1,3,09/22/08 00:00:00,126,X16,03121,35,0.00000000e+00,0.00000000e+00,2,0.00000000e+00,0.00000000e+00,4.00000000e+00,10,0,\N,160
03111,  12 , 1,3,09/22/08 00:00:00,127,X16,03121,30,0.00000000e+00,0.00000000e+00,2,0.00000000e+00,0.00000000e+00,4.00000000e+00,10,0,\N,165
03111,  12 , 1,3,09/22/08 00:00:00,128,X16,03121,40,0.00000000e+00,0.00000000e+00,2,0.00000000e+00,0.00000000e+00,4.00000000e+00,10,0,\N,166
03111,  12 , 1,3,09/22/08 00:00:00,129,X16,03121,35,0.00000000e+00,0.00000000e+00,2,0.00000000e+00,0.00000000e+00,4.00000000e+00,10,0,\N,162
03111,  12 , 1,3,09/22/08 00:00:00,130,X16,03121,25,0.00000000e+00,0.00000000e+00,2,0.00000000e+00,0.00000000e+00,4.00000000e+00,10,0,\N,322
03111,  12 , 1,3,09/22/08 00:00:00,131,X16,03121,15,0.00000000e+00,0.00000000e+00,2,0.00000000e+00,0.00000000e+00,4.00000000e+00,10,0,\N,323
03111,  12 , 1,3,09/22/08 00:00:00,132,X16,03121,50,0.00000000e+00,0.00000000e+00,2,0.00000000e+00,0.00000000e+00,4.00000000e+00,10,0,\N,167
03111,  12 , 1,3,09/22/08 00:00:00,133,X16,03121,40,0.00000000e+00,0.00000000e+00,2,0.00000000e+00,0.00000000e+00,4.00000000e+00,10,0,\N,168
03111,  12 , 1,3,09/22/08 00:00:00,134,X16,03121,10,0.00000000e+00,0.00000000e+00,2,0.00000000e+00,0.00000000e+00,4.00000000e+00,10,0,\N,163
03111,  13 , 1,3,09/29/08 00:00:00,101,X16,03131,55,0.00000000e+00,0.00000000e+00,2,0.00000000e+00,0.00000000e+00,4.00000000e+00,10,0,\N,187
03111,  13 , 1,3,09/29/08 00:00:00,102,X16,03131,40,0.00000000e+00,0.00000000e+00,2,0.00000000e+00,0.00000000e+00,4.00000000e+00,10,0,\N,177
03111,  13 , 1,3,09/29/08 00:00:00,103,X16,03131,35,0.00000000e+00,0.00000000e+00,2,0.00000000e+00,0.00000000e+00,4.00000000e+00,10,0,\N,181
03111,  13 , 1,3,09/29/08 00:00:00,104,X16,03131,44,0.00000000e+00,0.00000000e+00,2,0.00000000e+00,0.00000000e+00,4.00000000e+00,10,0,\N,178
03111,  13 , 1,3,09/29/08 00:00:00,105,X16,03131,50,0.00000000e+00,0.00000000e+00,2,0.00000000e+00,0.00000000e+00,4.00000000e+00,10,0,\N,185
03111,  13 , 1,3,09/29/08 00:00:00,106,X16,03131,40,0.00000000e+00,0.00000000e+00,2,0.00000000e+00,0.00000000e+00,4.00000000e+00,10,0,\N,180
03111,  13 , 1,3,09/29/08 00:00:00,107,X16,03131,35,0.00000000e+00,0.00000000e+00,2,0.00000000e+00,0.00000000e+00,4.00000000e+00,10,0,\N,179
03111,  13 , 1,3,09/29/08 00:00:00,108,X16,03131,40,0.00000000e+00,0.00000000e+00,2,0.00000000e+00,0.00000000e+00,4.00000000e+00,10,0,\N,184
03111,  13 , 1,3,09/29/08 00:00:00,109,X16,03131,30,0.00000000e+00,0.00000000e+00,2,0.00000000e+00,0.00000000e+00,4.00000000e+00,10,0,\N,183
03111,  13 , 1,3,09/29/08 00:00:00,110,X16,03131,30,0.00000000e+00,0.00000000e+00,2,0.00000000e+00,0.00000000e+00,4.00000000e+00,10,0,\N,176
03111,  13 , 1,3,09/29/08 00:00:00,111,X16,03131,50,0.00000000e+00,0.00000000e+00,2,0.00000000e+00,0.00000000e+00,4.00000000e+00,10,0,\N,173
03111,  13 , 1,3,09/29/08 00:00:00,112,X16,03131,25,0.00000000e+00,0.00000000e+00,2,0.00000000e+00,0.00000000e+00,4.00000000e+00,10,0,\N,174
03111,  13 , 1,3,09/29/08 00:00:00,113,X16,03131,25,0.00000000e+00,0.00000000e+00,2,0.00000000e+00,0.00000000e+00,4.00000000e+00,10,0,\N,175
03111,  13 , 1,3,09/29/08 00:00:00,114,X16,03131,20,0.00000000e+00,0.00000000e+00,2,0.00000000e+00,0.00000000e+00,4.00000000e+00,10,0,\N,182
03111,  13 , 1,3,09/29/08 00:00:00,115,X16,03131,15,0.00000000e+00,0.00000000e+00,2,0.00000000e+00,0.00000000e+00,4.00000000e+00,10,0,\N,172
03111,  13 , 1,3,09/29/08 00:00:00,116,X16,03131,20,0.00000000e+00,0.00000000e+00,2,0.00000000e+00,0.00000000e+00,4.00000000e+00,10,0,\N,186
03111,  17 , 1,3,09/17/08 00:00:00,63,X16,03171,35,0.00000000e+00,0.00000000e+00,2,0.00000000e+00,0.00000000e+00,4.00000000e+00,10,0,\N,148
03111,  17 , 1,3,09/17/08 00:00:00,64,X16,03171,50,0.00000000e+00,0.00000000e+00,2,0.00000000e+00,0.00000000e+00,4.00000000e+00,10,0,\N,153
03111,  17 , 1,3,09/17/08 00:00:00,65,X16,03171,45,0.00000000e+00,0.00000000e+00,2,0.00000000e+00,0.00000000e+00,4.00000000e+00,10,0,\N,152
03111,  17 , 1,3,09/17/08 00:00:00,66,X16,03171,50,0.00000000e+00,0.00000000e+00,2,0.00000000e+00,0.00000000e+00,4.00000000e+00,10,0,\N,149
03111,  17 , 1,3,09/17/08 00:00:00,67,X16,03171,55,0.00000000e+00,0.00000000e+00,2,0.00000000e+00,0.00000000e+00,4.00000000e+00,10,0,\N,154
03111,  17 , 1,3,09/17/08 00:00:00,68,X16,03171,60,0.00000000e+00,0.00000000e+00,2,0.00000000e+00,0.00000000e+00,4.00000000e+00,10,0,\N,150
03111,  17 , 1,3,09/17/08 00:00:00,69,X16,03171,25,0.00000000e+00,0.00000000e+00,2,0.00000000e+00,0.00000000e+00,4.00000000e+00,10,0,\N,155
03111,  17 , 1,3,09/17/08 00:00:00,70,X16,03171,50,0.00000000e+00,0.00000000e+00,2,0.00000000e+00,0.00000000e+00,4.00000000e+00,10,0,\N,151
03111,  18 , 1,3,09/15/08 00:00:00,57,X16,03181,65,0.00000000e+00,0.00000000e+00,2,0.00000000e+00,0.00000000e+00,4.00000000e+00,10,0,\N,131
03111,  18 , 1,3,09/15/08 00:00:00,71,X16,03181,50,0.00000000e+00,0.00000000e+00,2,0.00000000e+00,0.00000000e+00,4.00000000e+00,10,0,\N,135
03111,  18 , 1,3,09/15/08 00:00:00,72,X16,03181,45,0.00000000e+00,0.00000000e+00,2,0.00000000e+00,0.00000000e+00,4.00000000e+00,10,0,\N,134
03111,  18 , 1,3,09/15/08 00:00:00,73,X16,03181,25,0.00000000e+00,0.00000000e+00,2,0.00000000e+00,0.00000000e+00,4.00000000e+00,10,0,\N,118
03111,  18 , 1,3,09/15/08 00:00:00,74,X16,03181,45,0.00000000e+00,0.00000000e+00,2,0.00000000e+00,0.00000000e+00,4.00000000e+00,10,0,\N,121
03111,  18 , 1,3,09/15/08 00:00:00,75,X16,03181,55,0.00000000e+00,0.00000000e+00,2,0.00000000e+00,0.00000000e+00,4.00000000e+00,10,0,\N,124
03111,  18 , 1,3,09/15/08 00:00:00,76,X16,03181,55,0.00000000e+00,0.00000000e+00,2,0.00000000e+00,0.00000000e+00,4.00000000e+00,10,0,\N,201
03111,  18 , 1,3,09/15/08 00:00:00,77,X16,03181,60,0.00000000e+00,0.00000000e+00,2,0.00000000e+00,0.00000000e+00,4.00000000e+00,10,0,\N,127
03111,  18 , 1,3,09/15/08 00:00:00,78,X16,03181,40,0.00000000e+00,0.00000000e+00,2,0.00000000e+00,0.00000000e+00,4.00000000e+00,10,0,\N,126
03111,  18 , 1,3,09/15/08 00:00:00,79,X16,03181,65,0.00000000e+00,0.00000000e+00,2,0.00000000e+00,0.00000000e+00,4.00000000e+00,10,0,\N,125
03111,  18 , 1,3,09/15/08 00:00:00,80,X16,03181,65,0.00000000e+00,0.00000000e+00,2,0.00000000e+00,0.00000000e+00,4.00000000e+00,10,0,\N,129
03111,  18 , 1,3,09/15/08 00:00:00,81,X16,03181,35,0.00000000e+00,0.00000000e+00,2,0.00000000e+00,0.00000000e+00,4.00000000e+00,10,0,\N,133
03111,  18 , 1,3,09/15/08 00:00:00,82,X16,03181,50,0.00000000e+00,0.00000000e+00,2,0.00000000e+00,0.00000000e+00,4.00000000e+00,10,0,\N,119
03111,  18 , 1,3,09/15/08 00:00:00,83,X16,03181,60,0.00000000e+00,0.00000000e+00,2,0.00000000e+00,0.00000000e+00,4.00000000e+00,10,0,\N,120
03111,  18 , 1,3,09/15/08 00:00:00,85,X16,03181,30,0.00000000e+00,0.00000000e+00,2,0.00000000e+00,0.00000000e+00,4.00000000e+00,10,0,\N,128
03111,  18 , 1,3,09/15/08 00:00:00,86,X16,03181,40,0.00000000e+00,0.00000000e+00,2,0.00000000e+00,0.00000000e+00,4.00000000e+00,10,0,\N,130
03111,  18 , 1,3,09/15/08 00:00:00,88,X16,03181,45,0.00000000e+00,0.00000000e+00,2,0.00000000e+00,0.00000000e+00,4.00000000e+00,10,0,\N,132
03111,  18 , 1,3,09/15/08 00:00:00,89,X16,03181,25,0.00000000e+00,0.00000000e+00,2,0.00000000e+00,0.00000000e+00,4.00000000e+00,10,0,\N,136
03111,  18 , 1,3,09/15/08 00:00:00,90,X16,03181,0,0.00000000e+00,0.00000000e+00,2,0.00000000e+00,0.00000000e+00,4.00000000e+00,10,0,\N,202
03111,  19 , 1,3,09/16/08 00:00:00,87,X16,03191,35,0.00000000e+00,0.00000000e+00,2,0.00000000e+00,0.00000000e+00,4.00000000e+00,10,0,\N,138
03111,  19 , 1,3,09/16/08 00:00:00,621,X16,03191,40,0.00000000e+00,0.00000000e+00,2,0.00000000e+00,0.00000000e+00,4.00000000e+00,10,0,\N,122
03111,  19 , 1,3,09/16/08 00:00:00,631,X16,03191,35,0.00000000e+00,0.00000000e+00,2,0.00000000e+00,0.00000000e+00,4.00000000e+00,10,0,\N,144
03111,  19 , 1,3,09/16/08 00:00:00,641,X16,03191,35,0.00000000e+00,0.00000000e+00,2,0.00000000e+00,0.00000000e+00,4.00000000e+00,10,0,\N,137
03111,  19 , 1,3,09/16/08 00:00:00,651,X16,03191,30,0.00000000e+00,0.00000000e+00,2,0.00000000e+00,0.00000000e+00,4.00000000e+00,10,0,\N,123
03111,  19 , 1,3,09/16/08 00:00:00,661,X16,03191,50,0.00000000e+00,0.00000000e+00,2,0.00000000e+00,0.00000000e+00,4.00000000e+00,10,0,\N,145
03111,  19 , 1,3,09/16/08 00:00:00,671,X16,03191,20,0.00000000e+00,0.00000000e+00,2,0.00000000e+00,0.00000000e+00,4.00000000e+00,10,0,\N,143
03111,  19 , 1,3,09/16/08 00:00:00,681,X16,03191,55,0.00000000e+00,0.00000000e+00,2,0.00000000e+00,0.00000000e+00,4.00000000e+00,10,0,\N,147
03111,  19 , 1,3,09/16/08 00:00:00,691,X16,03191,40,0.00000000e+00,0.00000000e+00,2,0.00000000e+00,0.00000000e+00,4.00000000e+00,10,0,\N,146
03111,  19 , 1,3,09/16/08 00:00:00,701,X16,03191,70,0.00000000e+00,0.00000000e+00,2,0.00000000e+00,0.00000000e+00,4.00000000e+00,10,0,\N,140
03111,  19 , 1,3,09/16/08 00:00:00,711,X16,03191,60,0.00000000e+00,0.00000000e+00,2,0.00000000e+00,0.00000000e+00,4.00000000e+00,10,0,\N,139
03111,  19 , 1,3,09/16/08 00:00:00,721,X16,03191,60,0.00000000e+00,0.00000000e+00,2,0.00000000e+00,0.00000000e+00,4.00000000e+00,10,0,\N,141
03111,  19 , 1,3,09/16/08 00:00:00,731,X16,03191,55,0.00000000e+00,0.00000000e+00,2,0.00000000e+00,0.00000000e+00,4.00000000e+00,10,0,\N,142
03111,  20 , 1,3,09/16/08 00:00:00,571,X16,03201,40,0.00000000e+00,0.00000000e+00,2,0.00000000e+00,0.00000000e+00,4.00000000e+00,10,0,\N,117
03111,  20 , 1,3,09/16/08 00:00:00,581,X16,03201,45,0.00000000e+00,0.00000000e+00,2,0.00000000e+00,0.00000000e+00,4.00000000e+00,10,0,\N,116
03111,  20 , 1,3,09/16/08 00:00:00,591,X16,03201,45,0.00000000e+00,0.00000000e+00,2,0.00000000e+00,0.00000000e+00,4.00000000e+00,10,0,\N,114
03111,  20 , 1,3,09/16/08 00:00:00,601,X16,03201,45,0.00000000e+00,0.00000000e+00,2,0.00000000e+00,0.00000000e+00,4.00000000e+00,10,0,\N,115
03111,  20 , 1,3,09/16/08 00:00:00,611,X16,03201,45,0.00000000e+00,0.00000000e+00,2,0.00000000e+00,0.00000000e+00,4.00000000e+00,10,0,\N,113
03111,  23 , 1,3,08/29/08 00:00:00,51,X16,03231,35,0.00000000e+00,0.00000000e+00,2,0.00000000e+00,0.00000000e+00,4.00000000e+00,10,0,\N,12
03111,  23 , 1,3,08/29/08 00:00:00,136,X16,03231,55,0.00000000e+00,0.00000000e+00,2,0.00000000e+00,0.00000000e+00,4.00000000e+00,10,0,\N,10
03111,  23 , 1,3,08/29/08 00:00:00,137,X16,03231,50,0.00000000e+00,0.00000000e+00,2,0.00000000e+00,0.00000000e+00,4.00000000e+00,10,0,\N,3
03111,  23 , 1,3,08/29/08 00:00:00,138,X16,03231,50,0.00000000e+00,0.00000000e+00,2,0.00000000e+00,0.00000000e+00,4.00000000e+00,10,0,\N,9
03111,  23 , 1,3,08/29/08 00:00:00,139,X16,03231,45,0.00000000e+00,0.00000000e+00,2,0.00000000e+00,0.00000000e+00,4.00000000e+00,10,0,\N,4
03111,  23 , 1,3,08/29/08 00:00:00,140,X16,03231,50,0.00000000e+00,0.00000000e+00,2,0.00000000e+00,0.00000000e+00,4.00000000e+00,10,0,\N,1
03111,  23 , 1,3,08/29/08 00:00:00,141,X16,03231,40,0.00000000e+00,0.00000000e+00,2,0.00000000e+00,0.00000000e+00,4.00000000e+00,10,0,\N,8
03111,  23 , 1,3,08/29/08 00:00:00,142,X16,03231,45,0.00000000e+00,0.00000000e+00,2,0.00000000e+00,0.00000000e+00,4.00000000e+00,10,0,\N,14
03111,  23 , 1,3,08/29/08 00:00:00,143,X16,03231,45,0.00000000e+00,0.00000000e+00,2,0.00000000e+00,0.00000000e+00,4.00000000e+00,10,0,\N,7
03111,  23 , 1,3,08/29/08 00:00:00,144,X16,03231,70,0.00000000e+00,0.00000000e+00,2,0.00000000e+00,0.00000000e+00,4.00000000e+00,10,0,\N,6
03111,  23 , 1,3,08/29/08 00:00:00,145,X16,03231,65,0.00000000e+00,0.00000000e+00,2,0.00000000e+00,0.00000000e+00,4.00000000e+00,10,0,\N,11
03111,  23 , 1,3,08/29/08 00:00:00,146,X16,03231,50,0.00000000e+00,0.00000000e+00,2,0.00000000e+00,0.00000000e+00,4.00000000e+00,10,0,\N,17
03111,  23 , 1,3,08/29/08 00:00:00,147,X16,03231,70,0.00000000e+00,0.00000000e+00,2,0.00000000e+00,0.00000000e+00,4.00000000e+00,10,0,\N,15
03111,  23 , 1,3,08/29/08 00:00:00,148,X16,03231,50,0.00000000e+00,0.00000000e+00,2,0.00000000e+00,0.00000000e+00,4.00000000e+00,10,0,\N,5
03111,  23 , 1,3,08/29/08 00:00:00,149,X16,03231,30,0.00000000e+00,0.00000000e+00,2,0.00000000e+00,0.00000000e+00,4.00000000e+00,10,0,\N,13
03111,  23 , 1,3,08/29/08 00:00:00,150,X16,03231,55,0.00000000e+00,0.00000000e+00,2,0.00000000e+00,0.00000000e+00,4.00000000e+00,10,0,\N,16
03111,  23 , 1,3,08/29/08 00:00:00,151,X16,03231,65,0.00000000e+00,0.00000000e+00,2,0.00000000e+00,0.00000000e+00,4.00000000e+00,10,0,\N,2
03111,  24 , 1,3,08/27/08 00:00:00,152,X16,03241,20,0.00000000e+00,0.00000000e+00,2,0.00000000e+00,0.00000000e+00,4.00000000e+00,10,0,\N,369
03111,  24 , 1,3,08/27/08 00:00:00,153,X16,03241,35,0.00000000e+00,0.00000000e+00,2,0.00000000e+00,0.00000000e+00,4.00000000e+00,10,0,\N,368
03111,  24 , 1,3,08/27/08 00:00:00,154,X16,03241,35,0.00000000e+00,0.00000000e+00,2,0.00000000e+00,0.00000000e+00,4.00000000e+00,10,0,\N,367
03111,  24 , 1,3,08/27/08 00:00:00,155,X16,03241,35,0.00000000e+00,0.00000000e+00,2,0.00000000e+00,0.00000000e+00,4.00000000e+00,10,0,\N,33
03111,  24 , 1,3,08/27/08 00:00:00,156,X16,03241,35,0.00000000e+00,0.00000000e+00,2,0.00000000e+00,0.00000000e+00,4.00000000e+00,10,0,\N,34
03111,  24 , 1,3,08/27/08 00:00:00,157,X16,03241,35,0.00000000e+00,0.00000000e+00,2,0.00000000e+00,0.00000000e+00,4.00000000e+00,10,0,\N,25
03111,  24 , 1,3,08/27/08 00:00:00,158,X16,03241,30,0.00000000e+00,0.00000000e+00,2,0.00000000e+00,0.00000000e+00,4.00000000e+00,10,0,\N,22
03111,  24 , 1,3,08/27/08 00:00:00,159,X16,03241,40,0.00000000e+00,0.00000000e+00,2,0.00000000e+00,0.00000000e+00,4.00000000e+00,10,0,\N,30
03111,  24 , 1,3,08/27/08 00:00:00,160,X16,03241,35,0.00000000e+00,0.00000000e+00,2,0.00000000e+00,0.00000000e+00,4.00000000e+00,10,0,\N,23
03111,  24 , 1,3,08/27/08 00:00:00,161,X16,03241,30,0.00000000e+00,0.00000000e+00,2,0.00000000e+00,0.00000000e+00,4.00000000e+00,10,0,\N,24
03111,  24 , 1,3,08/27/08 00:00:00,162,X16,03241,55,0.00000000e+00,0.00000000e+00,2,0.00000000e+00,0.00000000e+00,4.00000000e+00,10,0,\N,32
03111,  24 , 1,3,08/27/08 00:00:00,163,X16,03241,60,0.00000000e+00,0.00000000e+00,2,0.00000000e+00,0.00000000e+00,4.00000000e+00,10,0,\N,28
03111,  24 , 1,3,08/27/08 00:00:00,164,X16,03241,40,0.00000000e+00,0.00000000e+00,2,0.00000000e+00,0.00000000e+00,4.00000000e+00,10,0,\N,29
03111,  24 , 1,3,08/27/08 00:00:00,165,X16,03241,30,0.00000000e+00,0.00000000e+00,2,0.00000000e+00,0.00000000e+00,4.00000000e+00,10,0,\N,26
03111,  24 , 1,3,08/27/08 00:00:00,166,X16,03241,70,0.00000000e+00,0.00000000e+00,2,0.00000000e+00,0.00000000e+00,4.00000000e+00,10,0,\N,27
03111,  24 , 1,3,08/27/08 00:00:00,168,X16,03241,55,0.00000000e+00,0.00000000e+00,2,0.00000000e+00,0.00000000e+00,4.00000000e+00,10,0,\N,19
03111,  24 , 1,3,08/27/08 00:00:00,169,X16,03241,35,0.00000000e+00,0.00000000e+00,2,0.00000000e+00,0.00000000e+00,4.00000000e+00,10,0,\N,21
03111,  24 , 1,3,08/27/08 00:00:00,170,X16,03241,45,0.00000000e+00,0.00000000e+00,2,0.00000000e+00,0.00000000e+00,4.00000000e+00,10,0,\N,20
03111,  24 , 1,3,08/27/08 00:00:00,171,X16,03241,50,0.00000000e+00,0.00000000e+00,2,0.00000000e+00,0.00000000e+00,4.00000000e+00,10,0,\N,31
03111,  24 , 1,3,08/27/08 00:00:00,187,X16,03241,60,0.00000000e+00,0.00000000e+00,2,0.00000000e+00,0.00000000e+00,4.00000000e+00,10,0,\N,18
03111,  24 , 1,3,08/27/08 00:00:00,1162,X16,03241,40,0.00000000e+00,0.00000000e+00,2,0.00000000e+00,0.00000000e+00,4.00000000e+00,10,0,\N,366
03111,  24 , 1,3,08/27/08 00:00:00,1171,X16,03241,30,0.00000000e+00,0.00000000e+00,2,0.00000000e+00,0.00000000e+00,4.00000000e+00,10,0,\N,365
03111,  25 , 1,3,11/21/08 00:00:00,30,X16,03251,25,0.00000000e+00,0.00000000e+00,2,0.00000000e+00,0.00000000e+00,4.00000000e+00,10,0,\N,381
03111,  25 , 1,3,11/21/08 00:00:00,31,X16,03251,30,0.00000000e+00,0.00000000e+00,2,0.00000000e+00,0.00000000e+00,4.00000000e+00,10,0,\N,376
03111,  25 , 1,3,11/21/08 00:00:00,37,X16,03251,75,0.00000000e+00,0.00000000e+00,2,0.00000000e+00,0.00000000e+00,4.00000000e+00,10,0,\N,382
03111,  25 , 1,3,11/21/08 00:00:00,331,X16,03251,25,0.00000000e+00,0.00000000e+00,2,0.00000000e+00,0.00000000e+00,4.00000000e+00,10,0,\N,377
03111,  25 , 1,3,11/21/08 00:00:00,341,X16,03251,40,0.00000000e+00,0.00000000e+00,2,0.00000000e+00,0.00000000e+00,4.00000000e+00,10,0,\N,379
03111,  25 , 1,3,11/21/08 00:00:00,351,X16,03251,45,0.00000000e+00,0.00000000e+00,2,0.00000000e+00,0.00000000e+00,4.00000000e+00,10,0,\N,380
03111,  25 , 1,3,11/21/08 00:00:00,361,X16,03251,20,0.00000000e+00,0.00000000e+00,2,0.00000000e+00,0.00000000e+00,4.00000000e+00,10,0,\N,378
03111,  26 , 1,3,08/27/08 00:00:00,172,X16,03261,25,0.00000000e+00,0.00000000e+00,2,0.00000000e+00,0.00000000e+00,4.00000000e+00,10,0,\N,364
03111,  26 , 1,3,08/27/08 00:00:00,173,X16,03261,40,0.00000000e+00,0.00000000e+00,2,0.00000000e+00,0.00000000e+00,4.00000000e+00,10,0,\N,362
03111,  26 , 1,3,08/27/08 00:00:00,174,X16,03261,50,0.00000000e+00,0.00000000e+00,2,0.00000000e+00,0.00000000e+00,4.00000000e+00,10,0,\N,363
03111,  26 , 1,3,08/27/08 00:00:00,175,X16,03261,35,0.00000000e+00,0.00000000e+00,2,0.00000000e+00,0.00000000e+00,4.00000000e+00,10,0,\N,48
03111,  26 , 1,3,08/27/08 00:00:00,176,X16,03261,35,0.00000000e+00,0.00000000e+00,2,0.00000000e+00,0.00000000e+00,4.00000000e+00,10,0,\N,50
03111,  26 , 1,3,08/27/08 00:00:00,177,X16,03261,30,0.00000000e+00,0.00000000e+00,2,0.00000000e+00,0.00000000e+00,4.00000000e+00,10,0,\N,49
03111,  26 , 1,3,08/27/08 00:00:00,178,X16,03261,35,0.00000000e+00,0.00000000e+00,2,0.00000000e+00,0.00000000e+00,4.00000000e+00,10,0,\N,47
03111,  26 , 1,3,08/27/08 00:00:00,179,X16,03261,35,0.00000000e+00,0.00000000e+00,2,0.00000000e+00,0.00000000e+00,4.00000000e+00,10,0,\N,41
03111,  26 , 1,3,08/27/08 00:00:00,180,X16,03261,40,0.00000000e+00,0.00000000e+00,2,0.00000000e+00,0.00000000e+00,4.00000000e+00,10,0,\N,42
03111,  26 , 1,3,08/27/08 00:00:00,181,X16,03261,50,0.00000000e+00,0.00000000e+00,2,0.00000000e+00,0.00000000e+00,4.00000000e+00,10,0,\N,40
03111,  26 , 1,3,08/27/08 00:00:00,182,X16,03261,55,0.00000000e+00,0.00000000e+00,2,0.00000000e+00,0.00000000e+00,4.00000000e+00,10,0,\N,39
03111,  26 , 1,3,08/27/08 00:00:00,183,X16,03261,40,0.00000000e+00,0.00000000e+00,2,0.00000000e+00,0.00000000e+00,4.00000000e+00,10,0,\N,46
03111,  26 , 1,3,08/27/08 00:00:00,184,X16,03261,30,0.00000000e+00,0.00000000e+00,2,0.00000000e+00,0.00000000e+00,4.00000000e+00,10,0,\N,45
03111,  26 , 1,3,08/27/08 00:00:00,185,X16,03261,60,0.00000000e+00,0.00000000e+00,2,0.00000000e+00,0.00000000e+00,4.00000000e+00,10,0,\N,38
03111,  26 , 1,3,08/27/08 00:00:00,186,X16,03261,35,0.00000000e+00,0.00000000e+00,2,0.00000000e+00,0.00000000e+00,4.00000000e+00,10,0,\N,43
03111,  26 , 1,3,08/27/08 00:00:00,187,X16,03261,30,0.00000000e+00,0.00000000e+00,2,0.00000000e+00,0.00000000e+00,4.00000000e+00,10,0,\N,44
03111,  26 , 1,3,08/27/08 00:00:00,188,X16,03261,50,0.00000000e+00,0.00000000e+00,2,0.00000000e+00,0.00000000e+00,4.00000000e+00,10,0,\N,37
03111,  26 , 1,3,08/27/08 00:00:00,189,X16,03261,55,0.00000000e+00,0.00000000e+00,2,0.00000000e+00,0.00000000e+00,4.00000000e+00,10,0,\N,35
03111,  26 , 1,3,08/27/08 00:00:00,191,X16,03261,60,0.00000000e+00,0.00000000e+00,2,0.00000000e+00,0.00000000e+00,4.00000000e+00,10,0,\N,36
03111,  27 , 1,3,08/25/08 00:00:00,15,X16,03271,25,0.00000000e+00,0.00000000e+00,2,0.00000000e+00,0.00000000e+00,4.00000000e+00,10,0,\N,59
03111,  27 , 1,3,08/25/08 00:00:00,16,X16,03271,45,0.00000000e+00,0.00000000e+00,2,0.00000000e+00,0.00000000e+00,4.00000000e+00,10,0,\N,52
03111,  27 , 1,3,08/25/08 00:00:00,17,X16,03271,60,0.00000000e+00,0.00000000e+00,2,0.00000000e+00,0.00000000e+00,4.00000000e+00,10,0,\N,62
03111,  27 , 1,3,08/25/08 00:00:00,18,X16,03271,50,0.00000000e+00,0.00000000e+00,2,0.00000000e+00,0.00000000e+00,4.00000000e+00,10,0,\N,51
03111,  27 , 1,3,08/25/08 00:00:00,19,X16,03271,45,0.00000000e+00,0.00000000e+00,2,0.00000000e+00,0.00000000e+00,4.00000000e+00,10,0,\N,58
03111,  27 , 1,3,08/25/08 00:00:00,20,X16,03271,55,0.00000000e+00,0.00000000e+00,2,0.00000000e+00,0.00000000e+00,4.00000000e+00,10,0,\N,56
03111,  27 , 1,3,08/25/08 00:00:00,21,X16,03271,60,0.00000000e+00,0.00000000e+00,2,0.00000000e+00,0.00000000e+00,4.00000000e+00,10,0,\N,57
03111,  27 , 1,3,08/25/08 00:00:00,22,X16,03271,55,0.00000000e+00,0.00000000e+00,2,0.00000000e+00,0.00000000e+00,4.00000000e+00,10,0,\N,61
03111,  27 , 1,3,08/25/08 00:00:00,23,X16,03271,55,0.00000000e+00,0.00000000e+00,2,0.00000000e+00,0.00000000e+00,4.00000000e+00,10,0,\N,53
03111,  27 , 1,3,08/25/08 00:00:00,24,X16,03271,35,0.00000000e+00,0.00000000e+00,2,0.00000000e+00,0.00000000e+00,4.00000000e+00,10,0,\N,55
03111,  27 , 1,3,08/25/08 00:00:00,25,X16,03271,30,0.00000000e+00,0.00000000e+00,2,0.00000000e+00,0.00000000e+00,4.00000000e+00,10,0,\N,54
03111,  27 , 1,3,08/25/08 00:00:00,26,X16,03271,60,0.00000000e+00,0.00000000e+00,2,0.00000000e+00,0.00000000e+00,4.00000000e+00,10,0,\N,64
03111,  27 , 1,3,08/25/08 00:00:00,27,X16,03271,45,0.00000000e+00,0.00000000e+00,2,0.00000000e+00,0.00000000e+00,4.00000000e+00,10,0,\N,60
03111,  27 , 1,3,08/25/08 00:00:00,28,X16,03271,560,0.00000000e+00,0.00000000e+00,2,0.00000000e+00,0.00000000e+00,4.00000000e+00,10,0,\N,63
03111,  28 , 1,3,08/26/08 00:00:00,190,X16,03281,35,0.00000000e+00,0.00000000e+00,2,0.00000000e+00,0.00000000e+00,4.00000000e+00,10,0,\N,79
03111,  28 , 1,3,08/26/08 00:00:00,192,X16,03281,50,0.00000000e+00,0.00000000e+00,2,0.00000000e+00,0.00000000e+00,4.00000000e+00,10,0,\N,74
03111,  28 , 1,3,08/26/08 00:00:00,193,X16,03281,60,0.00000000e+00,0.00000000e+00,2,0.00000000e+00,0.00000000e+00,4.00000000e+00,10,0,\N,71
03111,  28 , 1,3,08/26/08 00:00:00,194,X16,03281,55,0.00000000e+00,0.00000000e+00,2,0.00000000e+00,0.00000000e+00,4.00000000e+00,10,0,\N,69
03111,  28 , 1,3,08/26/08 00:00:00,195,X16,03281,25,0.00000000e+00,0.00000000e+00,2,0.00000000e+00,0.00000000e+00,4.00000000e+00,10,0,\N,76
03111,  28 , 1,3,08/26/08 00:00:00,196,X16,03281,55,0.00000000e+00,0.00000000e+00,2,0.00000000e+00,0.00000000e+00,4.00000000e+00,10,0,\N,70
03111,  28 , 1,3,08/26/08 00:00:00,197,X16,03281,50,0.00000000e+00,0.00000000e+00,2,0.00000000e+00,0.00000000e+00,4.00000000e+00,10,0,\N,72
03111,  28 , 1,3,08/26/08 00:00:00,198,X16,03281,25,0.00000000e+00,0.00000000e+00,2,0.00000000e+00,0.00000000e+00,4.00000000e+00,10,0,\N,65
03111,  28 , 1,3,08/26/08 00:00:00,199,X16,03281,50,0.00000000e+00,0.00000000e+00,2,0.00000000e+00,0.00000000e+00,4.00000000e+00,10,0,\N,75
03111,  28 , 1,3,08/26/08 00:00:00,200,X16,03281,30,0.00000000e+00,0.00000000e+00,2,0.00000000e+00,0.00000000e+00,4.00000000e+00,10,0,\N,77
03111,  28 , 1,3,08/26/08 00:00:00,201,X16,03281,50,0.00000000e+00,0.00000000e+00,2,0.00000000e+00,0.00000000e+00,4.00000000e+00,10,0,\N,67
03111,  28 , 1,3,08/26/08 00:00:00,202,X16,03281,60,0.00000000e+00,0.00000000e+00,2,0.00000000e+00,0.00000000e+00,4.00000000e+00,10,0,\N,73
03111,  28 , 1,3,08/26/08 00:00:00,203,X16,03281,25,0.00000000e+00,0.00000000e+00,2,0.00000000e+00,0.00000000e+00,4.00000000e+00,10,0,\N,68
03111,  28 , 1,3,08/26/08 00:00:00,204,X16,03281,45,0.00000000e+00,0.00000000e+00,2,0.00000000e+00,0.00000000e+00,4.00000000e+00,10,0,\N,66
03111,  28 , 1,3,08/26/08 00:00:00,205,X16,03281,25,0.00000000e+00,0.00000000e+00,2,0.00000000e+00,0.00000000e+00,4.00000000e+00,10,0,\N,78
03111,  28 , 1,3,08/26/08 00:00:00,206,X16,03281,60,0.00000000e+00,0.00000000e+00,2,0.00000000e+00,0.00000000e+00,4.00000000e+00,10,0,\N,81
03111,  28 , 1,3,08/26/08 00:00:00,207,X16,03281,50,0.00000000e+00,0.00000000e+00,2,0.00000000e+00,0.00000000e+00,4.00000000e+00,10,0,\N,83
03111,  28 , 1,3,08/26/08 00:00:00,208,X16,03281,25,0.00000000e+00,0.00000000e+00,2,0.00000000e+00,0.00000000e+00,4.00000000e+00,10,0,\N,361
03111,  28 , 1,3,08/26/08 00:00:00,209,X16,03281,35,0.00000000e+00,0.00000000e+00,2,0.00000000e+00,0.00000000e+00,4.00000000e+00,10,0,\N,359
03111,  28 , 1,3,08/26/08 00:00:00,210,X16,03281,40,0.00000000e+00,0.00000000e+00,2,0.00000000e+00,0.00000000e+00,4.00000000e+00,10,0,\N,80
03111,  28 , 1,3,08/26/08 00:00:00,211,X16,03281,35,0.00000000e+00,0.00000000e+00,2,0.00000000e+00,0.00000000e+00,4.00000000e+00,10,0,\N,82
03111,  28 , 1,3,08/26/08 00:00:00,212,X16,03281,30,0.00000000e+00,0.00000000e+00,2,0.00000000e+00,0.00000000e+00,4.00000000e+00,10,0,\N,360
03111,  29 , 1,3,08/26/08 00:00:00,4,X16,03291,50,0.00000000e+00,0.00000000e+00,2,0.00000000e+00,0.00000000e+00,4.00000000e+00,10,0,\N,86
03111,  29 , 1,3,08/26/08 00:00:00,5,X16,03291,30,0.00000000e+00,0.00000000e+00,2,0.00000000e+00,0.00000000e+00,4.00000000e+00,10,0,\N,375
03111,  29 , 1,3,08/26/08 00:00:00,6,X16,03291,45,0.00000000e+00,0.00000000e+00,2,0.00000000e+00,0.00000000e+00,4.00000000e+00,10,0,\N,374
03111,  29 , 1,3,08/26/08 00:00:00,7,X16,03291,25,0.00000000e+00,0.00000000e+00,2,0.00000000e+00,0.00000000e+00,4.00000000e+00,10,0,\N,373
03111,  29 , 1,3,08/26/08 00:00:00,8,X16,03291,60,0.00000000e+00,0.00000000e+00,2,0.00000000e+00,0.00000000e+00,4.00000000e+00,10,0,\N,84
03111,  29 , 1,3,08/26/08 00:00:00,9,X16,03291,30,0.00000000e+00,0.00000000e+00,2,0.00000000e+00,0.00000000e+00,4.00000000e+00,10,0,\N,90
03111,  29 , 1,3,08/26/08 00:00:00,10,X16,03291,35,0.00000000e+00,0.00000000e+00,2,0.00000000e+00,0.00000000e+00,4.00000000e+00,10,0,\N,87
03111,  29 , 1,3,08/26/08 00:00:00,11,X16,03291,70,0.00000000e+00,0.00000000e+00,2,0.00000000e+00,0.00000000e+00,0.00000000e+00,10,0,\N,92
03111,  29 , 1,3,08/26/08 00:00:00,12,X16,03291,50,0.00000000e+00,0.00000000e+00,2,0.00000000e+00,0.00000000e+00,4.00000000e+00,10,0,\N,89
03111,  29 , 1,3,08/26/08 00:00:00,13,X16,03291,25,0.00000000e+00,0.00000000e+00,2,0.00000000e+00,0.00000000e+00,4.00000000e+00,10,0,\N,91
03111,  29 , 1,3,08/26/08 00:00:00,14,X16,03291,65,0.00000000e+00,0.00000000e+00,2,0.00000000e+00,0.00000000e+00,4.00000000e+00,10,0,\N,88
03111,  29 , 1,3,08/26/08 00:00:00,21,X16,03291,45,0.00000000e+00,0.00000000e+00,2,0.00000000e+00,0.00000000e+00,4.00000000e+00,10,0,\N,370
03111,  29 , 1,3,08/26/08 00:00:00,31,X16,03291,25,0.00000000e+00,0.00000000e+00,2,0.00000000e+00,0.00000000e+00,4.00000000e+00,10,0,\N,371
03111,  29 , 1,3,08/26/08 00:00:00,48,X16,03291,50,0.00000000e+00,0.00000000e+00,2,0.00000000e+00,0.00000000e+00,4.00000000e+00,10,0,\N,85
03111,  29 , 1,3,08/26/08 00:00:00,111,X16,03291,25,0.00000000e+00,0.00000000e+00,2,0.00000000e+00,0.00000000e+00,4.00000000e+00,10,0,\N,372
03111,  35 , 1,3,09/09/08 00:00:00,221,X16,03351,40,0.00000000e+00,0.00000000e+00,2,0.00000000e+00,0.00000000e+00,4.00000000e+00,10,0,\N,100
03111,  35 , 1,3,09/09/08 00:00:00,222,X16,03351,80,0.00000000e+00,0.00000000e+00,2,0.00000000e+00,0.00000000e+00,4.00000000e+00,10,0,\N,99
03111,  35 , 1,3,09/09/08 00:00:00,223,X16,03351,50,0.00000000e+00,0.00000000e+00,2,0.00000000e+00,0.00000000e+00,4.00000000e+00,10,0,\N,97
03111,  35 , 1,3,09/09/08 00:00:00,224,X16,03351,65,0.00000000e+00,0.00000000e+00,2,0.00000000e+00,0.00000000e+00,4.00000000e+00,10,0,\N,101
03111,  35 , 1,3,09/09/08 00:00:00,225,X16,03351,60,0.00000000e+00,0.00000000e+00,2,0.00000000e+00,0.00000000e+00,4.00000000e+00,10,0,\N,98
03111,  35 , 1,3,09/09/08 00:00:00,232,X16,03351,60,0.00000000e+00,0.00000000e+00,2,0.00000000e+00,0.00000000e+00,4.00000000e+00,10,0,\N,95
03111,  35 , 1,3,09/09/08 00:00:00,245,X16,03351,70,0.00000000e+00,0.00000000e+00,2,0.00000000e+00,0.00000000e+00,4.00000000e+00,10,0,\N,102
03111,  35 , 1,3,09/09/08 00:00:00,246,X16,03351,70,0.00000000e+00,0.00000000e+00,2,0.00000000e+00,0.00000000e+00,4.00000000e+00,10,0,\N,93
03111,  35 , 1,3,09/09/08 00:00:00,248,X16,03351,65,0.00000000e+00,0.00000000e+00,2,0.00000000e+00,0.00000000e+00,4.00000000e+00,10,0,\N,94
03111,  35 , 1,3,09/09/08 00:00:00,249,X16,03351,80,0.00000000e+00,0.00000000e+00,2,0.00000000e+00,0.00000000e+00,4.00000000e+00,10,0,\N,96
03111,  37 , 1,3,09/09/08 00:00:00,220,X16,03371,60,0.00000000e+00,0.00000000e+00,2,0.00000000e+00,0.00000000e+00,4.00000000e+00,10,0,\N,108
03111,  37 , 1,3,09/09/08 00:00:00,226,X16,03371,45,0.00000000e+00,0.00000000e+00,2,0.00000000e+00,0.00000000e+00,4.00000000e+00,10,0,\N,106
03111,  37 , 1,3,09/09/08 00:00:00,227,X16,03371,40,0.00000000e+00,0.00000000e+00,2,0.00000000e+00,0.00000000e+00,4.00000000e+00,10,0,\N,110
03111,  37 , 1,3,09/09/08 00:00:00,228,X16,03371,65,0.00000000e+00,0.00000000e+00,2,0.00000000e+00,0.00000000e+00,4.00000000e+00,10,0,\N,112
03111,  37 , 1,3,09/09/08 00:00:00,229,X16,03371,55,0.00000000e+00,0.00000000e+00,2,0.00000000e+00,0.00000000e+00,4.00000000e+00,10,0,\N,109
03111,  37 , 1,3,09/09/08 00:00:00,230,X16,03371,30,0.00000000e+00,0.00000000e+00,2,0.00000000e+00,0.00000000e+00,4.00000000e+00,10,0,\N,111
03111,  37 , 1,3,09/09/08 00:00:00,231,X16,03371,70,0.00000000e+00,0.00000000e+00,2,0.00000000e+00,0.00000000e+00,4.00000000e+00,10,0,\N,103
03111,  37 , 1,3,09/09/08 00:00:00,233,X16,03371,45,0.00000000e+00,0.00000000e+00,2,0.00000000e+00,0.00000000e+00,4.00000000e+00,10,0,\N,105
03111,  37 , 1,3,09/09/08 00:00:00,234,X16,03371,45,0.00000000e+00,0.00000000e+00,2,0.00000000e+00,0.00000000e+00,4.00000000e+00,10,0,\N,104
03111,  37 , 1,3,09/09/08 00:00:00,256,X16,03371,65,0.00000000e+00,0.00000000e+00,2,0.00000000e+00,0.00000000e+00,4.00000000e+00,10,0,\N,107
03111,  37 , 1,3,09/09/08 00:00:00,1256,\N,03371,0,0.00000000e+00,0.00000000e+00,2,0.00000000e+00,0.00000000e+00,4.00000000e+00,0,0,\N,108
03111,  37 , 1,3,09/09/08 00:00:00,1257,\N,03371,0,0.00000000e+00,0.00000000e+00,2,0.00000000e+00,0.00000000e+00,4.00000000e+00,0,0,\N,109
03111,  37 , 1,3,09/09/08 00:00:00,1258,\N,03371,0,0.00000000e+00,0.00000000e+00,2,0.00000000e+00,0.00000000e+00,4.00000000e+00,0,0,\N,110
03111,  37 , 1,3,09/09/08 00:00:00,1259,\N,03371,0,0.00000000e+00,0.00000000e+00,2,0.00000000e+00,0.00000000e+00,4.00000000e+00,0,0,\N,111
03111,  37 , 1,3,09/09/08 00:00:00,1260,\N,03371,0,0.00000000e+00,0.00000000e+00,2,0.00000000e+00,0.00000000e+00,4.00000000e+00,0,0,\N,112
